157.950000
361.950000
423.780000
414.520000
254.660000
217.600000
185.530000
363.520000
181.160000
228.830000
263.910000
269.290000
361.580000
248.000000
269.040000
391.570000
314.250000
314.650000
314.760000
258.150000
136.990000
181.090000
343.810000
273.040000
205.030000
302.580000
262.460000
189.670000
235.010000
314.260000
268.630000
603.570000
227.310000
176.300000
198.440000
439.350000
338.460000
218.750000
162.760000
172.980000
203.120000
223.140000
211.380000
265.560000
276.300000
262.830000
259.300000
237.490000
205.400000
226.820000
284.090000
237.360000
180.990000
336.040000
339.890000
231.290000
377.970000
332.110000
322.160000
232.820000
197.280000
282.270000
238.050000
286.590000
273.420000
315.650000
229.710000
368.580000
272.100000
282.320000
274.190000
219.410000
192.310000
239.630000
343.250000
317.180000
218.490000
347.690000
271.220000
193.540000
419.520000
179.300000
322.210000
207.420000
318.520000
213.430000
231.720000
429.410000
278.300000
248.580000
227.390000
294.070000
417.530000
267.320000
