3.248125
3.243125
3.261875
3.280625
3.271250
3.259375
3.288125
3.298125
3.225000
3.265625
3.258750
3.241250
3.243125
3.283750
3.248750
3.276250
3.252500
3.249375
3.267500
3.260000
3.235625
3.300000
3.241875
3.280000
3.241875
3.275000
3.259375
3.253125
3.253125
3.261875
3.243125
3.237500
3.261250
3.261875
3.286875
3.249375
3.241250
3.251875
3.235000
3.261250
3.298125
3.231875
3.279375
3.316250
3.268750
3.261250
3.245000
3.265000
3.275000
3.237500
3.261250
3.273125
3.230000
3.255625
3.270625
3.234375
3.269375
3.291875
3.216875
3.262500
3.256250
3.263125
3.230000
3.222500
3.260000
3.268750
3.228750
3.243125
3.265000
3.260625
3.270000
3.276250
3.238125
3.261875
3.220625
3.283750
3.266250
3.261250
3.275000
3.254375
3.248750
3.272500
