228.290000
289.727500
399.970000
294.512500
247.627500
272.625000
288.625000
248.067500
364.695000
321.727500
383.670000
314.382500
367.830000
266.202500
373.112500
354.105000
381.367500
296.622500
277.535000
383.212500
296.577500
229.030000
392.790000
337.305000
292.680000
326.200000
420.360000
293.365000
318.122500
320.552500
274.812500
274.992500
400.880000
300.785000
352.897500
365.310000
317.390000
342.432500
265.405000
236.507500
370.500000
262.060000
282.365000
253.857500
242.967500
259.552500
351.765000
431.915000
319.762500
284.645000
344.105000
277.367500
217.040000
229.695000
413.910000
253.435000
306.947500
328.242500
300.502500
272.735000
260.865000
284.592500
339.010000
444.270000
278.890000
342.662500
497.922500
343.657500
343.777500
385.740000
373.995000
297.682500
189.890000
370.270000
297.225000
373.810000
401.115000
211.082500
281.292500
228.630000
245.255000
306.580000
265.447500
418.497500
259.575000
404.885000
374.757500
425.977500
307.070000
310.810000
293.262500
215.572500
276.737500
347.425000
347.020000
274.720000
470.222500
261.287500
354.845000
273.905000
