354.772000
274.820000
373.856000
267.128000
311.012000
353.780000
406.064000
380.876000
561.460000
337.628000
327.108000
455.968000
278.780000
382.136000
393.668000
361.740000
274.252000
288.888000
412.592000
299.852000
345.972000
296.072000
368.416000
397.192000
351.420000
346.632000
334.356000
289.560000
318.456000
411.332000
368.672000
266.692000
547.808000
333.240000
330.940000
297.060000
313.296000
409.564000
347.376000
354.972000
270.160000
419.940000
312.000000
318.944000
313.080000
362.392000
313.220000
254.192000
456.448000
228.492000
245.872000
256.692000
411.712000
279.008000
328.248000
388.216000
279.412000
286.616000
403.724000
331.800000
299.640000
270.224000
352.428000
235.112000
418.524000
419.508000
372.592000
338.640000
302.112000
343.552000
311.676000
328.976000
409.228000
299.360000
288.488000
271.772000
241.984000
316.700000
360.324000
304.172000
292.668000
224.524000
352.616000
353.244000
334.860000
362.344000
314.228000
329.360000
294.872000
252.572000
310.076000
252.544000
243.948000
289.272000
232.924000
295.668000
284.876000
539.516000
211.080000
419.916000
