383.650909
518.447273
303.758182
432.301818
289.707273
297.316364
404.418182
335.481818
392.307273
484.140000
322.736364
380.405455
328.565455
427.790909
453.469091
328.440000
378.449091
341.814545
307.138182
287.829091
547.849091
291.367273
315.563636
332.394545
317.834545
363.778182
371.594545
382.849091
315.114545
325.040000
378.138182
300.132727
367.647273
442.510909
405.138182
351.167273
434.796364
263.976364
378.263636
310.792727
352.820000
396.052727
342.938182
341.016364
409.027273
375.214545
504.961818
533.430909
288.858182
369.034545
250.867273
357.334545
410.101818
417.507273
357.040000
331.060000
503.930909
298.040000
320.240000
348.114545
388.814545
294.578182
355.849091
348.960000
348.832727
393.440000
349.607273
288.936364
267.978182
409.358182
277.900000
405.920000
412.763636
422.356364
493.667273
388.969091
536.169091
424.163636
368.769091
401.114545
321.463636
353.872727
336.325455
396.256364
425.932727
332.065455
268.707273
341.641818
391.754545
408.740000
472.192727
279.890909
298.621818
391.687273
457.278182
323.101818
278.829091
436.220000
308.070909
209.627273
