322.021662
425.017304
335.039246
425.026560
330.016144
325.009048
322.009100
320.023352
425.011324
425.015044
427.008671
331.008183
330.022676
425.020141
335.042277
360.013862
330.011883
322.012804
325.016322
380.014523
330.013703
325.020018
340.020963
425.048106
425.007388
430.021244
340.015663
330.010443
336.008002
335.020663
321.928616
325.015122
345.014082
335.023103
425.016384
345.019363
330.019983
426.012185
425.021404
321.008731
425.010124
425.084999
335.017182
321.007771
365.025416
331.008762
425.006884
440.019824
330.034021
335.018303
336.009565
425.017761
335.024283
335.017381
345.013943
330.007223
331.017089
335.018871
325.014084
325.026062
325.012940
325.011484
340.021042
425.010684
425.021018
325.012801
345.015223
425.020870
330.009062
340.015765
340.015200
425.016281
330.012723
325.020980
330.012903
370.015143
340.011023
321.013087
330.010923
322.011954
325.031281
331.008884
330.021242
335.039837
330.015067
340.029263
331.006122
341.010264
326.006827
330.015807
331.007088
320.013344
322.006548
335.028320
426.012484
321.006638
425.017984
425.016264
426.006608
330.012363
