320.013182
320.053148
321.007082
225.042247
321.008849
235.021041
320.020258
320.011362
320.039604
231.007202
225.010942
321.007670
320.007902
245.015882
226.007841
425.019342
321.014802
235.020017
235.005059
320.018082
330.011342
225.052619
322.013283
330.010306
320.085069
220.023015
330.012942
321.009085
320.033594
320.013142
321.011083
320.126407
321.007303
320.024134
321.006617
320.015183
230.014282
250.012642
320.007486
321.006507
321.010018
320.025556
321.009049
235.020722
230.018961
320.024472
325.011386
320.036143
320.021356
320.043540
320.020916
320.084909
320.033149
320.020122
320.015702
320.035763
265.016062
321.009816
320.010942
325.009002
320.019282
320.021002
320.044652
330.014002
230.012881
320.022441
322.007401
320.016702
320.027800
325.010986
226.016195
321.006586
230.019382
320.059602
320.040647
220.017845
320.014102
323.010742
320.015422
320.016614
270.017562
220.046096
320.009142
320.023914
230.064971
320.061821
322.010042
322.008302
320.092514
321.007620
320.020423
320.013083
270.011962
320.011802
226.008862
320.044803
425.008627
321.012887
321.009856
230.014634
