375.017824
435.015765
430.016568
430.011922
430.016205
375.013585
425.039860
355.014384
440.020183
445.023166
426.007025
425.016145
427.007185
425.024792
430.015679
425.010925
365.014543
425.015527
435.015745
435.020964
426.007265
425.021869
375.023864
430.012945
350.017124
440.022796
435.017403
426.008345
425.012809
385.015924
425.063408
340.019703
375.015223
425.035483
426.009985
425.014305
430.013164
425.016285
430.015664
425.027713
341.014602
430.007728
435.015543
336.014649
426.008893
430.009045
426.012209
425.015145
425.020619
430.014025
425.021259
425.030797
425.098641
425.031349
435.016663
425.020785
440.012503
425.017965
425.163989
430.014085
426.011565
341.009864
425.022682
440.016783
425.015085
430.015125
435.011124
335.011144
340.025761
425.025654
336.014821
385.029746
441.010978
451.008402
445.011823
430.012365
451.008923
430.015364
430.014925
345.019334
426.013407
430.015485
425.029336
425.032157
400.020985
380.022004
426.013125
355.014064
435.019104
426.009485
435.019822
435.020125
430.021708
425.017205
425.056953
360.017284
430.009384
425.039660
430.017165
425.035661
