215.018015
215.016781
120.041989
120.019121
215.016941
215.017301
216.012936
190.014025
217.010821
216.011161
120.018961
215.011545
215.020381
215.038566
215.021101
215.027937
215.008944
120.015161
215.021099
120.021661
117.009281
215.029897
135.022121
120.018413
195.021501
118.012961
120.017321
118.008061
217.006445
150.010601
121.015203
225.015721
118.011101
216.008761
215.021421
121.006725
215.023488
215.025126
115.016375
215.018201
116.006725
145.013081
118.010201
215.019558
121.013581
215.012705
215.021700
180.021121
215.016801
116.016135
215.017521
121.008961
116.571358
120.021431
215.048018
118.012901
130.019021
215.013961
215.031970
215.020815
217.013041
215.022948
215.010021
145.021921
135.016661
215.033116
216.009821
216.014962
217.006661
120.009945
215.019961
116.007581
117.007981
125.021161
121.008561
125.013261
215.014061
120.029785
140.006645
116.016269
135.013461
120.021235
215.019760
118.011601
215.031460
215.022061
120.027380
125.023209
123.015521
117.006585
170.012881
121.009195
120.026420
217.007741
